# 1
0011
0101
1001
0001
0001

# 2
1110
0001
0110
1000
0111

# 3
1110
0001
1110
0001
1110

# 4
1001
1001
0111
0001
0001

# 5
0111
1000
0110
0001
1110

# 6
0111
1000
1110
1001
0110

# 7
1111
0001
0010
0010
0010

# 8
0110
1001
0110
1001
0110

# 9
0110
1001
0111
0001
1110

# 0
0110
1001
1001
1001
0110

# :
000
010
000
010
000


# A
0110
1001
1111
1001
1001

# Ä
1001
0110
1001
1111
1001

# B
1110
1001
1110
1001
1110

# C
0111
1000
1000
1000
0111

# D
1110
1001
1001
1001
1110

# E
1111
1000
1111
1000
1111

# F
1111
1000
1110
1000
1000

# G
0111
1000
1011
1001
0110

# H
1001
1001
1111
1001
1001

# I
010
010
010
010
010

# J
0001
0001
0001
1001
0110

# K
1001
1010
1100
1010
1001

# L
1000
1000
1000
1000
1111

# M
10001
11011
10101
10001
10001

# N
10001
11001
10101
10011
10001

# O
0110
1001
1001
1001
0110

# Ö
1001
0110
1001
1001
0110

# P
1110
1001
1110
1000
1000

# Q
0110
1001
1001
1011
0110

# R
1110
1001
1110
1010
1001

# S
0111
1000
0110
0001
1110

# T
1111
0010
0010
0010
0010

# U
1001
1001
1001
1001
0110

# Ü
1001
0000
1001
1001
0110

# V
10001
10001
01010
01010
00100

# W
10001
10001
10101
10101
01010

# X
10001
01010
00100
01010
10001

# Y
10001
01010
00100
00100
00100

# Z
11111
00010
00100
01000
11111

# .
000
000
000
000
010

# _
000
000
000
000
111

#  
000
000
000
000
000

# -
000
000
111
000
000

# ,
000
000
000
000
010
010
100

# ;
000
000
010
000
010
010
100

# "
101
101
000
000
000

# +
000
010
111
010
000

# '
010
010
000
000
000

# !
010
010
010
000
010

# /
00001
00010
00100
01000
10000

# #
01010
11111
01010
11111
01010

# *
00000
00100
11111
01010
00000

# (
01
10
10
10
01

# )
10
01
01
01
10

# =
000
111
000
111
000

# \
10000
01000
00100
00010
00001

# [
11
10
10
10
11

# ]
11
01
01
01
11

# {
001
010
110
010
001

# }
100
010
011
010
100

# ?
01110
10001
00010
00100
00000
00100

# °
010
101
010
000
000

# ^
010
101
000
000
000

# <
001
010
100
010
001

# &
0100
1010
0100
1010
1111


# >
100
010
001
010
100

# |
010
010
010
010
010
010

# %
11001
10010
00100
01001
10011

# $
01111
10100
01110
00101
11110
00100

# ß
0110
1010
1110
1001
1001

# ´
001
010
000
000
000

# `
100
010
000
000
000

# ~
00000
00000
01001
10100
00000

# @
01110
10001
10101
10110
01111

# a
0000
0000
0111
1001
0111

# ä
0101
0000
0111
1001
0111


# b
100
100
110
101
110

# c
000
000
011
100
011

# d
001
001
011
101
011

# e
000
000
010
111
100
011

# f
001
010
111
010
010
010

# g
000
000
011
101
011
001
110

# h
100
100
111
101
101

# i
000
010
000
010
010

# j
000
010
000
010
010
100

# k
100
100
101
110
101

# l
100
100
100
100
011

# m
00000
00000
11111
10101
10101

# n
000
000
111
101
101

# o
000
000
111
101
111

# ö
101
000
010
101
010

# p
000
000
110
101
110
100
100

# q
000
000
011
101
011
001
001

# r
000
000
011
100
100

# s
000
000
011
100
010
001
110

# t
010
010
111
010
011

# u
000
000
101
101
011

# ü
101
000
101
101
011

# v
000
000
101
101
010

# w
00000
00000
10101
10101
01010

# x
000
000
101
010
101

# y
000
000
101
101
010
100

# z
000
000
111
010
111

